1	3.00, 5.00
10	43.00, 155.00
12	0.00, 0.00
14	1516.00, 3070.00
16	230.00, 744.00
18	8.00, 57.00
21	1202.00, 5149.00
23	28.00, 37.00
25	1.00, 0.00
27	15.00, 16.00
29	0.00, 0.00
3	1.00, 3.00
30	1.00, 1.00
32	0.00, 1.00
34	0.00, 0.00
36	0.00, 6122.00
38	2257.00, 4103.00
41	6.00, 15.00
43	0.00, 1.00
45	13.00, 108.00
47	97.00, 455.00
49	0.00, 4.00
5	0.00, 475.00
50	228.00, 326.00
52	2.00, 4.00
54	0.00, 0.00
56	3.00, 6.00
58	0.00, 0.00
61	19.00, 38.00
63	0.00, 1.00
65	0.00, 0.00
67	105.00, 114.00
69	94.00, 940.00
7	1359.00, 1161.00
70	522.00, 786.00
72	41.00, 83.00
74	232.00, 352.00
76	0.00, 0.00
78	108.00, 190.00
81	0.00, 0.00
83	22.00, 23.00
85	69.00, 73.00
89	0.00, 13.00
9	2.00, 31.00
90	0.00, 0.00
92	0.00, 0.00
94	0.00, 4.00
96	0.00, 0.00
98	127.00, 125.00
