11	10.00, 11.00
13	69.00, 74.00
15	0.00, 0.00
17	218.00, 268.00
19	607.00, 970.00
2	0.00, 0.00
20	1308.00, 2236.00
24	70.00, 218.00
26	0.00, 2.00
28	0.00, 0.00
31	263.00, 569.00
35	0.00, 13.00
37	1021.00, 2672.00
39	14.00, 29.00
4	6.00, 1.00
40	1303.00, 1500.00
42	23.00, 362.00
44	0.00, 0.00
46	672.00, 2217.00
48	54.00, 259.00
51	96.00, 237.00
53	47.00, 113.00
55	0.00, 1.00
59	1.00, 0.00
6	0.00, 0.00
60	13.00, 17.00
62	16.00, 16.00
64	35.00, 36.00
66	52.00, 85.00
68	21.00, 51.00
71	961.00, 1368.00
73	7.00, 19.00
75	15.00, 26.00
77	31.00, 59.00
79	9.00, 7.00
8	4.00, 9.00
80	15.00, 19.00
82	32.00, 136.00
84	58.00, 263.00
86	0.00, 0.00
88	0.00, 0.00
91	4.00, 7.00
95	0.00, 0.00
97	0.00, 0.00
99	12.00, 10.00
